[gd_scene load_steps=3 format=3 uid="uid://8axaos6de4ac"]

[ext_resource type="Script" uid="uid://30gtos621ds5" path="res://model/cell_appearance.gd" id="1_g86iv"]

[sub_resource type="StandardMaterial3D" id="StandardMaterial3D_dw4rj"]
albedo_color = Color(0.111197, 0.111197, 0.111197, 1)

[node name="EnvironmentCellBorder" type="Node3D"]
script = ExtResource("1_g86iv")
metadata/_custom_type_script = ExtResource("1_g86iv")

[node name="CSGCylinder3D" type="CSGCylinder3D" parent="."]
transform = Transform3D(0.866025, 0, 0.5, 0, 1, 0, -0.5, 0, 0.866025, 0, 0.005, 0)
height = 0.01
sides = 6
material = SubResource("StandardMaterial3D_dw4rj")

[node name="CSGCylinder3D2" type="CSGCylinder3D" parent="."]
transform = Transform3D(0.866025, 0, 0.5, 0, 1, 0, -0.5, 0, 0.866025, 0, 0.015, 0)
radius = 0.4
height = 0.01
sides = 6
material = SubResource("StandardMaterial3D_dw4rj")

[node name="CSGCylinder3D3" type="CSGCylinder3D" parent="."]
transform = Transform3D(0.866025, 0, 0.5, 0, 1, 0, -0.5, 0, 0.866025, 0, 0.025, 0)
radius = 0.3
height = 0.01
sides = 6
material = SubResource("StandardMaterial3D_dw4rj")

[node name="CSGCylinder3D4" type="CSGCylinder3D" parent="."]
transform = Transform3D(0.866025, 0, 0.5, 0, 1, 0, -0.5, 0, 0.866025, 0, 0.035, 0)
radius = 0.2
height = 0.01
sides = 6
material = SubResource("StandardMaterial3D_dw4rj")
